 -0.04725397   0.02171268
 -0.01619356  -0.02442675
 -0.02524938  -0.04059291
  0.01052268   0.03433219
  0.00679132  -0.00746212
  0.00280480   0.03771773
  0.04072417   0.00019499
  0.01814315  -0.02447613
  0.00492957   0.00663417
 -0.00602032  -0.01347263
  0.00541515  -0.01814489
 -0.00350107  -0.00172552
  0.00412489  -0.07833687
  0.01267712   0.17691639
 -0.03491563  -0.25749373
 -0.02241656   0.18849749
  0.04673698   0.11243819
  0.02718441  -0.05169660
  0.02191909   0.02345171
  0.01521543  -0.02695995
 -0.00572465   0.00522128
 -0.00236856   0.04505739
 -0.01797272  -0.14802790
 -0.00089304   0.20665072
  0.05096945  -0.21344963
  0.06152015   0.20898015
  0.03156747   0.12492985
  0.02652895  -0.08687580
  0.00486990   0.03859027
  0.00993649  -0.04828888
 -0.03297048  -0.04320270
  0.02343224   0.03411543
 -0.02759485  -0.13646428
 -0.01154140   0.18706264
 -0.00211033  -0.19682006
  0.03772048   0.20104590
  0.02169618   0.05735789
  0.05543360  -0.05303772
  0.04063101  -0.00382496
  0.06798556  -0.01259787
 -0.00346779   0.00349563
 -0.01116775   0.02356743
 -0.00515313  -0.11507922
 -0.01862167   0.16890001
  0.01383002  -0.14541509
  0.03886965   0.19428110
  0.00147786   0.03644315
  0.03576121  -0.03936733
  0.02754442  -0.01558478
  0.04738933  -0.00479264
 -0.00290292  -0.02750388
  0.00955397   0.01395327
 -0.01398514  -0.10287242
 -0.02071669   0.15129035
  0.00124724  -0.10263038
  0.01946448   0.17094633
 -0.00277686   0.03008321
  0.03795755  -0.03001471
  0.02443740  -0.02264483
  0.04402631   0.00026285
 -0.06172100   0.06639621
 -0.00581759  -0.16049697
  0.00192047  -0.02152870
 -0.04300841   0.08512125
  0.01635031  -0.02996484
  0.01659227   0.12843210
  0.00081845   0.04903445
  0.02890744  -0.03822884
  0.02206919  -0.01617527
  0.03679836  -0.00571652
  0.06486604   0.06208973
 -0.06331859  -0.12049559
 -0.01851375  -0.01960870
 -0.03149862   0.08036282
  0.06601844  -0.00103913
 -0.00083612   0.09681211
  0.03665578   0.06527159
  0.02366514  -0.04668335
  0.03367447  -0.00993909
  0.04066909  -0.00962997
 -0.03628540   0.12848691
 -0.14821015  -0.30805461
 -0.19134311   0.09886015
 -0.18152279   0.03689992
 -0.21620361   0.02607645
 -0.09228423   0.09126635
 -0.01674272   0.07426352
 -0.03647476  -0.05383675
 -0.01568371  -0.00172007
 -0.03213834  -0.01417215
 -0.60654618  -0.18200649
 -0.33080085  -0.10119406
 -0.26407134  -0.01151465
 -0.16355405   0.07301432
 -0.16290691  -0.00323483
 -0.11773904   0.14978579
 -0.03469956   0.06770451
  0.01144480  -0.04718759
  0.00264391  -0.00765377
  0.01735223  -0.01164738
