 -0.04606772   0.00827048
 -0.01127538  -0.00789653
 -0.02237864  -0.01129685
  0.01243763   0.04296647
  0.01072228   0.01148834
 -0.00106642   0.01839405
  0.03020874  -0.01165597
  0.00449425  -0.02583936
  0.00793928  -0.02963355
 -0.00258414   0.00718596
  0.00522774  -0.00758875
 -0.00134630   0.00336565
  0.00049591  -0.12136714
  0.01393000   0.20749013
 -0.02025529  -0.27644208
 -0.01346202   0.21413720
  0.04201420   0.07679313
  0.00804021  -0.02381561
  0.01354445   0.02037167
  0.01079991  -0.01716404
 -0.01187245  -0.02870956
  0.00445379   0.03928437
 -0.01697426  -0.18045806
 -0.00262299   0.23503701
  0.04037389  -0.22099076
  0.03933107   0.21652656
  0.01474816   0.09740364
  0.01849078  -0.06136192
  0.00176860   0.03433066
  0.01429008  -0.03171252
 -0.00018463  -0.02611129
  0.00423343   0.03896112
 -0.01121881  -0.15409606
 -0.01269354   0.19162422
 -0.01043996  -0.21656211
  0.03347765   0.18542630
  0.01405436   0.02770449
  0.04001038  -0.03519872
  0.02298708   0.00263715
  0.04174651  -0.00769565
 -0.01722733   0.00001027
 -0.00112047  -0.00932891
 -0.00547392  -0.10214319
 -0.00993099   0.16311424
  0.00581441  -0.15465388
  0.03562949   0.17069329
 -0.00442716   0.00343650
  0.03057870  -0.02863283
  0.01334772  -0.01138409
  0.03413562   0.00082415
  0.01238844  -0.03200493
 -0.00708590   0.04043414
 -0.00166944  -0.10004734
 -0.01895884   0.14909276
 -0.00306660  -0.11625697
  0.01901049   0.14155497
 -0.00384724  -0.00259845
  0.03104336  -0.02437782
  0.01115154  -0.01629611
  0.03128528   0.00414612
 -0.01078146   0.02792349
 -0.00706653  -0.09801480
  0.00478071  -0.02720464
 -0.02850430   0.08873805
  0.00870074  -0.04630508
  0.01870220   0.09776652
 -0.00535487   0.01414908
  0.02740603  -0.03517123
  0.00890218  -0.01024441
  0.02910336  -0.00074518
  0.00856693   0.04511523
 -0.03561447  -0.07404779
 -0.00712561  -0.00907440
 -0.03124169   0.07148330
  0.05946898  -0.01197360
 -0.00319730   0.05703984
  0.02362393   0.03375507
  0.01655418  -0.04664140
  0.01729853  -0.00397261
  0.02162251  -0.00438850
  0.05103899   0.11047066
 -0.08525901  -0.20016053
 -0.09902498   0.07885042
 -0.11988027   0.04169163
 -0.13953568   0.00463358
 -0.03999427   0.05107533
  0.00395840   0.03759784
 -0.01092474  -0.04931961
 -0.00450618  -0.00144925
 -0.00701682  -0.00423556
 -0.40311685  -0.15741978
 -0.18113283  -0.08200836
 -0.18921087  -0.01058795
 -0.08733129   0.05641199
 -0.10843000  -0.02052554
 -0.07647236   0.08728147
 -0.01728330   0.02821139
  0.01165189  -0.04447314
  0.00452666  -0.00769727
  0.01547554  -0.00006945
