 -0.09213545   0.01654097
 -0.02255075  -0.01579307
 -0.04475728  -0.02259371
  0.02487526   0.08593293
  0.02144456   0.02297668
 -0.00213285   0.03678810
  0.06041747  -0.02331194
  0.00898850  -0.05167873
  0.01587855  -0.05926709
 -0.00516828   0.01437192
  0.01045548  -0.01517750
 -0.00269260   0.00673129
  0.00099181  -0.24273427
  0.02785999   0.41498026
 -0.04051058  -0.55288416
 -0.02692404   0.42827441
  0.08402840   0.15358627
  0.01608042  -0.04763122
  0.02708890   0.04074335
  0.02159981  -0.03432808
 -0.02374489  -0.05741913
  0.00890758   0.07856874
 -0.03394853  -0.36091612
 -0.00524599   0.47007402
  0.08074779  -0.44198151
  0.07866214   0.43305312
  0.02949632   0.19480727
  0.03698156  -0.12272383
  0.00353721   0.06866131
  0.02858016  -0.06342504
 -0.00036926  -0.05222259
  0.00846687   0.07792225
 -0.02243762  -0.30819211
 -0.02538708   0.38324844
 -0.02087992  -0.43312422
  0.06695530   0.37085260
  0.02810873   0.05540897
  0.08002076  -0.07039744
  0.04597416   0.00527431
  0.08349301  -0.01539130
 -0.03445466   0.00002053
 -0.00224094  -0.01865781
 -0.01094784  -0.20428638
 -0.01986199   0.32622849
  0.01162882  -0.30930777
  0.07125898   0.34138658
 -0.00885431   0.00687300
  0.06115740  -0.05726565
  0.02669545  -0.02276817
  0.06827124   0.00164830
  0.02477689  -0.06400986
 -0.01417179   0.08086829
 -0.00333888  -0.20009468
 -0.03791768   0.29818553
 -0.00613319  -0.23251393
  0.03802098   0.28310995
 -0.00769447  -0.00519689
  0.06208672  -0.04875563
  0.02230307  -0.03259223
  0.06257055   0.00829224
 -0.02156291   0.05584697
 -0.01413307  -0.19602960
  0.00956142  -0.05440929
 -0.05700860   0.17747611
  0.01740149  -0.09261015
  0.03740439   0.19553304
 -0.01070974   0.02829816
  0.05481207  -0.07034246
  0.01780436  -0.02048883
  0.05820671  -0.00149035
  0.01713387   0.09023045
 -0.07122895  -0.14809559
 -0.01425121  -0.01814880
 -0.06248339   0.14296660
  0.11893795  -0.02394720
 -0.00639459   0.11407969
  0.04724785   0.06751013
  0.03310835  -0.09328280
  0.03459706  -0.00794523
  0.04324502  -0.00877700
  0.10207798   0.22094131
 -0.17051803  -0.40032106
 -0.19804997   0.15770084
 -0.23976055   0.08338325
 -0.27907136   0.00926716
 -0.07998854   0.10215066
  0.00791680   0.07519567
 -0.02184948  -0.09863922
 -0.00901236  -0.00289851
 -0.01403363  -0.00847112
 -0.80623371  -0.31483955
 -0.36226566  -0.16401672
 -0.37842174  -0.02117590
 -0.17466258   0.11282399
 -0.21685999  -0.04105109
 -0.15294471   0.17456293
 -0.03456659   0.05642278
  0.02330377  -0.08894629
  0.00905332  -0.01539454
  0.03095107  -0.00013890
